62142
214
8927
63589
164587
19
87593
200156
62687
98750
123658
391
135479
136
116977
117690
237647
52860
7204
146088
14590
48129
137100
237310
163181
232100
88005
163113
142621
164778
241934
245752
63291
43089
205045
77292
179366
69582
16527
164682
82236
210669
257687
193889
48084
138669
33734
3142
113295
83862
88025
12645
159664
33033
30841
58256
136877
83820
79665
83519
240957
159428
254272
253207
79899
212443
60089
251458
165929
35714
250254
179070
91855
96868
217474
49208
214717
135105
46768
131212
150697
75262
88394
234688
175677
196631
43421
83587
30565
210483
112557
184177
14822
166998
97458
199152
256479
155340
132254
153291
120802
169085
28512
90224
143130
69331
217018
198221
160358
175189
84467
245693
145601
119982
193394
131594
118303
243439
114707
107748
115976
119914
142319
182263
52846
83616
37641
153042
240543
169491
177917
202768
199279
129333
156630
46821
76917
248908
236080
115590
179282
149670
68200
106645
22236
250043
169951
56729
115249
37549
167134
14752
252354
227877
106924
6938
11418
19531
95551
207679
235337
10502
94637
108969
220433
52823
94090
22192
17157
19682
148556
56989
219919
150876
173839
6458
153393
205198
103656
214433
187527
247330
203489
32350
10088
206399
176116
233060
116766
55767
161583
254111
150676
138698
22935
246817
255191
113263
261797
179229
14048
63027
185135
241596
123688
22785
248516
252644
6226
45946
106806
243974
3943
126324
75808
148354
159542
152631
18765
145061
66712
65909
172832
255356
171896
180983
19145
49034
238427
24943
110333
80630
5257
10816
15789
5359
210461
10793
78507
101720
22476
178275
161177
169729
238034
142418
168289
33030
101944
230643
190474
33074
65772
9113
173346
21463
6572
196286
148826
145716
247967
246402
177726
149005
48616
237441
198289
36745
204216
124014
13053
111029
140419
164
159080
206368
209943
219627
100229
188470
215641
96391
105933
96304
215213
133618
236399
1150
160340
54128
61503
226779
97715
183662
44394
91903
38776
168625
143156
72419
220283
104470
149594
200344
112989
19042
172602
225021
51242
170139
1287
223068
171532
54414
4183
1530
168850
145028
191457
240149
51765
49003
234976
92703
102256
216052
106032
250500
174129
86170
7583
155954
22812
135173
35273
15112
127320
161116
33002
250599
246728
216554
196288
53193
28266
80252
205851
83076
213191
24387
62352
140093
57789
17951
261547
57794
215945
189348
10890
167203
236050
204165
54909
83816
402
142014
19476
91752
75663
94749
52981
2811
47401
243080
177814
78027
184407
217499
80080
73286
100605
137805
123329
108571
118669
242448
33135
24583
225883
74083
256663
257577
233682
150210
144830
131670
238436
177619
122360
200318
253019
77022
196659
227689
169387
44335
65029
73421
240034
225485
77804
1363
90653
216984
232205
209261
99138
213992
78881
26935
62258
245752
174165
61658
208898
257591
250003
460
208932
34578
71461
228415
48124
250546
412
43409
251516
105032
119644
133533
24858
171144
72583
186613
140313
139950
106731
29932
173380
13697
84436
67738
213169
104711
193777
11589
131609
237346
239552
164874
109518
40841
208955
220941
76235
79664
71861
257833
94087
257000
157895
173024
1624
230156
56052
190840
218983
218132
220602
250436
15348
182970
63982
230834
55801
162288
57246
189083
107949
44797
134792
50724
124439
117267
230189
142893
33404
87170
216958
236210
182449
231069
198735
145399
221238
259582
197488
45867
6663
120414
204530
26314
125168
226868
260090
182534
217446
54977
87491
38906
195543
215450
159970
34337
175740
190310
94833
219347
218661
260884
43065
63101
70369
97473
29152
45421
233964
242662
217300
48669
112207
46817
38956
165610
106989
27540
261929
45644
148675
189559
182073
166849
136338
137481
14190
227756
166550
171065
154643
16973
27219
225879
43167
62279
141434
17565
92647
243473
139212
81164
213567
206617
217987
169086
70775
140527
107551
53235
172772
123200
76956
223468
132150
146534
2750
256660
244170
182142
120287
70921
47432
129716
105505
63679
196844
150668
14359
61041
160923
217508
260892
204819
65365
103414
93298
154736
228702
171326
61862
68228
16687
71941
254999
247682
250649
81535
77641
5331
260448
191974
3051
164143
205108
124757
223425
258345
108851
3312
240431
38551
67157
45222
237861
253438
165345
256540
58336
51487
51351
69475
176543
169487
107880
5012
237659
34813
126010
29664
236863
166226
211847
89847
90858
34768
126552
216699
110766
261942
193538
139200
8527
241837
215217
78317
91611
215528
94301
37381
24274
77793
123680
22498
182143
41212
102132
73990
106618
224682
209180
211717
177246
96749
243921
202441
165752
255909
137011
102007
107897
5241
47553
122717
5436
70123
56378
38335
93578
217921
239170
38765
56088
166319
134709
202780
150985
161123
184514
51755
217497
166058
99905
201327
192342
55296
159933
244431
78688
111305
220972
68746
260610
183959
137077
38950
131208
59450
172915
195343
138535
20563
132683
65837
149852
138492
251941
215771
122674
231386
155456
245788
104563
227004
99546
216904
159074
188264
209290
96138
145122
14194
47021
20610
165341
160634
105766
67416
108919
193330
122835
171078
170565
67667
79848
16012
49286
209089
260599
234915
76192
27988
18377
103817
243694
142048
123589
30449
170872
190680
262084
106087
252034
56061
198179
22603
15578
120521
231949
114791
49863
174133
95487
219943
112456
235356
111057
241081
218397
125613
30232
132133
232869
109270
27949
37227
95955
195411
140537
50248
97000
45701
155209
34732
66783
108204
182258
216392
1493
225644
210831
193626
202195
253785
118678
234078
208672
145339
229701
137094
211651
261049
63570
182183
244975
113940
58721
74859
210832
40191
242130
254269
64306
249060
180331
241102
243062
11101
143792
248912
210846
140703
163997
75889
14720
210316
65781
110391
2861
149572
133952
201221
118975
185354
188174
53921
24560
211347
186927
179893
12961
71771
102563
155980
126794
198074
176686
49467
166806
56273
18141
206251
129792
236244
143833
132555
181616
131792
109678
182995
201616
47826
46281
65943
85236
80191
48382
117574
172949
94246
95936
207829
87794
31543
171208
109581
107297
126117
63940
194504
56722
35630
16105
151381
246866
166941
67117
132715
160702
32212
188110
188450
131
222522
159945
52941
14704
75754
191412
63627
54296
61948
77312
17603
221125
54985
144768
100823
160404
148418
149331
52604
148202
10111
107207
239476
183793
65057
148093
172943
181419
59303
208847
36033
238495
99955
105014
207616
75242
114583
201852
148746
257565
53967
3839
48541
171249
124984
84571
55750
113501
97387
102288
182689
249365
140233
231111
203893
101380
211168
241554
18805
72853
82061
111491
151748
261358
58235
161529
252550
71540
133808
227911
7584
1328
27384
104094
221840
82767
226288
138365
42985
44608
134962
204136
29446
117763
79933
191447
91780
204868
19336
65665
173255
163195
109848
200065
230976
123185
53627
243329
132175
191434
92715
161269
218990
85664
178217
186039
148980
190282
44059
210062
231090
193014
174034
232872
54127
219442
154061
102617
175541
92652
181854
162334
33334
252603
180539
88005
155799
223204
170642
204123
100137
145465
233835
129071
206445
76254
15975
184685
254813
940
216641
45491
248743
60231
52081
175420
61526
34392
75724
160584
81409
44800
34518
98662
91536
212337
108438
193902
29150
89621
1582
70655
242837
203137
140213
187946
178624
131141
259058
199136
260131
69858
131716
13314
231157
162963
61901
166526
18264
236565
41314
66919
186166
234536
156410
200234
224438
206563
121273
821
73569
61442
76004
41729
188638
134421
59353
14828
117567
103484
137084
244569
235172
172047
175973
1692
30973
207893
50034
14689
164780
2762
159362
26698
255937
69905
233456
219891
71197
257015
101130
225741
217457
39486
101895
92691
17366
139246
177321
217862
245842
46025
175360
15695
155557
104299
125746
130583
96809
194984
106020
167242
44835
86249
85831
232253
243736
224682
239565
178823
34849
38197
237375
46932
163378
256534
191764
232908
148097
242272
137708
13661
207902
210458
240095
68665
95678
22704
61216
233681
257792
90171
7380
138039
97324
222773
9339
162897
195179
32975
130832
248683
137102
72625
1760
156835
24157
41893
205570
116973
145230
176079
186210
198019
121194
56401
237719
23459
222373
25034
67909
53284
197598
82292
50033
190514
177958
213677
219352
216880
84212
23875
17012
246147
29764
164065
5271
27317
182349
173236
123351
143506
123291
102918
248132
160603
243007
56389
61881
76685
2909
206293
215392
41673
171550
143313
38463
31048
160445
212723
14925
109938
54114
48532
72940
243447
222725
168617
100111
197803
40109
2966
71758
174392
257628
251105
122548
170266
174132
10961
51012
77767
13117
99983
5187
260487
5409
210029
180775
108211
194496
156740
194197
158423
124354
114574
250215
139117
77834
228532
7565
5663
201013
91115
248963
40321
100970
157112
115062
169167
54124
39724
63374
67294
211287
6276
227973
184618
173995
59548
85991
75112
224859
137798
204258
150850
166816
252013
259084
126334
71244
125431
139555
81438
142970
156599
153757
70745
52995
57175
226166
256570
17168
256188
128013
42984
31103
197248
28518
225598
216966
229954
124837
178924
21592
111017
73342
180675
75492
33169
10540
39128
87894
24973
99990
153915
254562
82604
131714
184701
81100
33065
12569
158217
149561
108715
115920
229658
31599
225250
241639
255387
130938
156930
209597
80166
215132
107660
154062
96583
167676
153314
242783
188331
38632
96804
159279
257030
239852
237818
238460
44437
59592
141064
29411
202091
37107
238221
235305
35762
257432
49787
45013
57167
156203
243631
192657
221067
114381
57114
253597
128098
235222
102418
107626
5099
200377
61600
45758
241994
170456
92427
216935
138514
99505
219368
88449
18087
215840
102086
21643
232187
107888
247152
21705
128683
77058
64785
165893
102111
190308
44734
3887
71165
160721
118345
19726
146661
256235
6107
208771
99937
189056
65243
141560
74961
56027
208156
256912
100274
163709
20165
12786
110840
1160
74637
80197
144827
107879
194155
168161
70701
176081
208676
114012
178946
227722
240436
108626
187919
70780
184396
212652
125310
255925
173397
101499
10067
258267
88694
202238
117581
38244
214434
161081
15939
231224
153195
74130
66408
98446
49746
76548
180586
227838
188803
72164
261625
193864
212681
216617
115566
107205
93720
132986
261255
248691
164831
149881
186259
153276
205350
95001
81677
165814
39121
260650
201949
192839
35639
31008
74879
242096
68747
184058
186051
191995
156086
93600
81667
186683
170808
7624
137434
62164
143235
256872
74121
87673
39684
35441
19340
10037
150380
16833
9679
167884
62736
53412
218169
244688
52036
117828
17939
138600
22890
258940
180758
226746
74430
9151
41037
183541
111842
7375
125828
166789
190266
39773
93629
143194
212850
51126
53967
65898
210399
108571
249798
62489
97699
105777
129382
22642
3020
85595
168155
3076
133668
50965
257088
174587
170288
156490
17487
205054
26799
127904
218247
99224
197956
224734
230150
95660
126826
90817
117153
140414
164427
7460
109169
5481
7077
101630
58721
174156
54289
149786
81085
119961
257508
40651
63813
48887
25742
250942
131213
214795
47992
90865
60492
43844
194233
242511
125004
5561
179903
68074
30340
92996
55178
66577
213736
144058
151558
41587
213639
180895
75499
252782
18787
101918
123104
19701
96363
190822
221324
250466
208610
192822
187772
248144
164376
250645
132837
191494
132943
196573
156276
2657
69296
3657
102419
161675
24962
198201
211343
104894
35760
62878
125497
65535
165966
133494
163098
124185
116533
245098
145060
777
44339
221887
24480
44333
71107
129406
245104
253086
221522
151200
233329
75289
75952
249987
108418
223304
149765
177300
31342
218683
82270
190956
23758
191612
146703
110681
133890
40735
58016
223688
150701
212658
43572
1153
7853
240095
259350
34820
237394
13965
33461
111727
129338
214742
218858
121192
53987
233839
50151
212757
236740
1974
120904
132182
123287
35530
78916
101996
158325
184868
76223
261354
135038
90791
163916
82399
198222
41610
190555
8398
209661
145659
122357
97918
39136
49585
131109
110915
221191
147291
196565
154922
170464
255684
108432
222249
105260
218389
195455
160574
27714
53515
47469
203910
189546
135562
7805
243994
101990
214110
108116
257137
148694
183091
115634
200038
256037
151382
14830
133228
140023
225528
250844
227128
67468
200009
210135
161936
56471
6948
235506
2840
173487
33614
196078
120710
126785
88083
123373
188379
100914
4309
46939
214621
89057
258849
7824
94557
123353
144666
255226
210248
223420
42232
239198
73230
6802
86401
7704
39681
182206
141383
229464
239653
54191
244156
251624
54724
90444
127641
63010
155882
130672
229043
228207
41100
129123
164670
179063
68829
218659
5257
6665
136929
176576
255861
202108
12263
90831
129902
66933
74685
204989
120058
201586
260309
232254
61045
138261
59184
166067
64419
173274
99729
230476
59085
31711
145530
147793
142376
45334
242688
133461
145697
166371
1075
141511
54981
173884
12929
75316
203911
205147
156117
187172
39277
70906
157007
64636
211699
145269
85160
236818
70541
80875
52896
9556
167163
131001
148946
68488
173276
19373
103973
72163
72271
60702
167469
119440
52574
128958
12064
240752
247143
157883
210019
177380
212340
146503
257179
194444
121317
259296
102109
230590
51419
16343
54045
85322
228716
60375
180343
86033
156716
41503
96327
101904
30081
19121
127840
222047
235080
155781
137798
188722
125062
183807
82029
79187
253561
219303
137561
35561
74524
207775
153789
143946
76808
213693
50431
155368
119504
171728
186696
199629
81843
109537
240431
29414
39774
72792
100602
109172
126030
76913
77201
138874
255920
93383
161888
107065
9132
90704
76403
150645
16405
12887
111712
240813
38025
611
64498
234735
22077
126210
108290
69164
135046
125589
26831
37761
202950
151992
213908
94606
2168
249020
195514
42005
41402
205434
123516
5767
149366
246305
191785
37932
22716
183938
255571
240810
69718
155109
33234
258280
192015
154220
30833
113090
120737
43161
133680
70585
68057
34473
69632
53368
211733
186990
56912
174249
77372
35484
195669
74305
49152
175041
12769
89108
95137
217069
44010
26821
108162
106779
6714
249126
132175
205438
106434
145977
69126
104479
248052
137740
153148
157339
241114
25371
222323
127948
37046
36266
44912
80054
24606
149199
113539
12706
47820
230128
31060
233721
87891
77865
175869
17532
38511
100894
232886
196771
171222
208669
4000
59826
51610
49507
100820
182801
108165
50264
15228
27069
217780
171098
231803
165605
67777
201119
175935
184528
124209
29015
28570
13991
19741
194469
234540
225927
46884
17104
75210
218407
144981
43002
261363
122219
120769
69747
116560
22873
260724
206715
20957
126929
215890
51708
12062
35907
208876
187861
173416
198955
77322
91224
2843
190996
174337
24363
67208
143546
246756
119392
15702
114095
14509
84018
177239
121791
159466
141271
45485
21187
22982
43559
56033
111821
37217
6814
169348
208314
181387
91542
114500
197426
231178
39461
134282
256060
191361
113168
86201
86585
98572
101957
11494
181771
150873
101255
238540
74022
156909
147191
81993
141315
201741
171872
152546
2745
85320
107180
48537
231813
92558
138303
49006
188318
100279
30258
259274
113939
251464
133453
259888
74463
194082
38149
211921
191983
14430
1948
152151
64118
40626
87987
241445
87282
194453
140613
81866
183667
81892
111750
250701
92918
26510
16993
179871
18584
244892
184855
178302
44082
39591
215317
200473
24836
64206
242248
191176
243264
204995
189694
57257
180011
172044
72568
55572
182214
189584
202029
53334
127279
163596
97577
53527
238041
255396
148447
2551
46410
157252
146926
253675
77575
181264
125111
117962
194234
166640
70866
193796
115476
8994
29612
116947
96178
235880
216362
96332
116893
123
248079
102200
219519
97410
58779
28004
39841
229120
247212
129468
252865
240341
110438
258608
233731
223783
204022
227495
118535
124219
226839
188512
195003
135234
42751
99963
185620
227376
150537
132113
204877
15083
23987
26991
164319
11555
209489
151586
203443
252031
250095
109994
98492
25896
1890
156054
228944
102473
44117
129972
118132
100047
33777
227292
55792
214064
134319
172380
210254
245755
159664
61197
23
90299
244728
211734
98056
122109
25947
237768
146682
114057
207959
229455
37978
66072
22551
114553
2
92445
115501
220985
187753
59485
39939
98471
133769
118823
140109
138701
220873
52344
48200
247316
2998
223440
71213
230039
70092
83088
46156
143206
238100
165158
2317
193377
136142
217162
69796
142096
55110
48745
38082
75045
251737
152413
244257
245732
164735
9764
143393
214616
50537
200480
113458
188059
237289
237910
174349
184614
89747
213637
467
27657
208562
33010
254170
141362
23558
245018
41686
14233
68474
33115
20443
196017
138330
142544
139772
248683
195130
96468
142404
213114
207764
42534
211470
106050
219761
177867
50911
186438
210419
75652
184417
95715
124957
198256
44590
203964
123953
165073
229396
238580
185632
115959
205743
104657
65959
211399
86424
193251
85329
33992
227940
28332
243849
205651
171138
150590
225006
23947
93155
243209
124073
100008
39073
219377
110395
138110
244587
254228
112003
238204
191345
136753
167990
231507
55298
13048
180421
44866
247245
55236
126139
214781
68565
126914
255692
247592
121319
13554
28524
85685
104528
220395
234064
162579
80261
137487
1888
223171
33814
257453
100001
4576
50341
59529
114668
145144
190154
198352
9318
257653
146840
195114
100937
122728
241332
212440
150343
164502
121382
989
120021
166589
80690
242573
5985
34905
253047
70617
78951
136751
13701
39123
43559
20456
72024
198723
137971
233067
945
167903
230815
74114
224615
224278
22248
257330
7787
52780
55699
239206
183993
162896
167579
139378
218819
45356
247483
250790
196809
89235
194486
206461
11211
240731
82936
174622
65457
53460
110061
118820
58480
169139
148838
168674
237328
37742
90339
45550
234541
40830
117415
228376
88458
177364
107309
34521
68833
245872
136053
258302
30256
168194
77631
135513
139331
219077
156280
180005
160443
123594
111606
250815
14123
43723
145826
261967
161081
211011
109035
212933
135899
24514
260970
25971
91991
24192
162667
58110
173780
209242
94424
6473
29476
214994
136634
207312
165833
149882
85052
206165
195277
108068
196255
46698
222925
228475
125749
165968
73960
26124
48763
23265
243850
19995
169624
253268
77395
37187
132219
12260
117937
174458
170012
230681
203874
159694
119279
52111
20572
114096
177842
166361
54261
243530
254434
134253
125765
196417
257087
52315
158029
92679
253754
244908
24061
133077
42533
192435
6933
116725
149328
132168
254298
130624
257629
165099
203426
50724
104164
224390
207548
182384
143857
75065
230740
30990
198445
37185
214048
145235
220643
149611
115883
195353
223603
73081
220749
228188
110271
63701
111178
31848
122023
27809
118288
87344
220778
3922
59846
10110
184681
170197
180550
113018
50106
211053
112611
120279
73573
58131
75719
147664
62694
2898
29194
5021
61468
23366
96975
75873
84705
161293
172093
199730
259754
242292
86371
36068
117317
182918
155791
233192
224057
156479
50229
177583
250591
210003
146493
231361
130239
260267
191239
102293
40642
92991
72321
107998
105815
214273
173731
209984
231141
55044
5230
258182
178517
47392
178782
233388
247872
158926
184855
36174
111137
127056
48459
7718
85093
249079
197307
80524
108176
146130
168927
21786
21206
222138
187391
67386
198190
140117
123806
71315
12597
218589
19175
92913
62914
9420
248969
16001
63037
244105
56659
83574
57809
11251
51865
178994
246958
46659
114407
211622
121676
107092
128081
187571
234615
207300
118651
138338
68453
54066
250900
204367
44030
166355
93252
17367
121414
224071
45452
231109
248136
174447
21648
176100
159612
86904
208330
253538
7806
36888
145325
187276
86506
254401
144507
1500
31401
167757
61471
130444
181662
235146
256068
60564
200632
233940
182282
180212
227167
58007
242782
133314
256133
87108
158311
25242
55304
114971
93057
207346
120505
216203
74199
137461
65320
24389
64808
246105
1477
173645
162450
189802
139463
159055
43165
90942
89530
214246
148161
39739
223945
176204
254440
11710
83069
23598
169212
26902
260837
73994
86852
182683
223303
194427
190494
198484
13441
12266
51779
246529
79872
109010
159739
186710
219278
94207
13589
33788
154240
78834
56205
252617
226417
196529
179947
189942
80815
45679
224732
200843
239799
196008
238344
24310
230383
257471
128367
162827
172515
43713
254285
24646
164120
75243
93618
151317
134819
51908
65037
7638
143997
131787
43844
213989
71282
85172
108878
182130
115483
86711
240331
2500
44856
188579
135306
97545
98620
244570
36922
229575
205602
7554
236363
258495
136569
92950
135485
61643
22920
144978
45890
83898
231556
145383
169643
96631
219287
253056
133894
200786
215786
31162
74595
141327
240383
92174
89619
174469
44870
206284
108531
161615
58064
207500
245390
154307
147649
72647
174972
212574
150538
48329
22553
138413
65676
5960
226838
146557
133743
73049
161932
209520
63910
23844
162474
46356
65247
59393
238066
204390
248003
10865
156566
88436
177096
67636
150189
171241
259896
86647
195132
256670
5234
235322
219706
99565
164541
102037
231454
7340
134049
219649
244199
135190
195019
222543
238613
89452
214626
238294
134099
17273
10973
177734
19441
49780
241183
171022
165980
150797
99965
111701
106378
19722
29996
181423
116373
188089
130925
214249
176298
70275
140303
22590
99214
226652
183915
64105
100364
154757
160822
115355
204487
59769
14702
44659
78989
149236
134140
173552
217808
236172
192159
105438
91541
37380
15065
224091
103208
33052
146473
84326
180877
245322
56843
172731
194063
187014
6659
201009
201119
201152
92451
43261
112927
86923
193541
191891
12568
208855
26814
215234
216770
17521
253222
30407
57217
50507
201040
219892
32210
140993
3611
147089
251730
33225
150477
51723
74598
221355
382
179021
53681
28930
94159
261580
61159
71066
95141
173425
174230
181634
175740
134438
54656
242808
210941
39398
82937
147932
190885
174266
116230
214452
66058
80562
93731
140349
222511
236847
104320
89470
42517
236571
71670
127323
77964
252751
137395
32441
80774
60499
142169
146940
11666
195308
69018
164442
22316
188379
90733
58920
244904
2809
206913
206021
104839
228880
182027
232652
261125
87943
183655
8944
95988
75904
258636
46486
157137
246601
117854
13692
237915
170599
235118
121102
240792
97747
194707
74862
256777
192650
83835
72954
136576
135904
93836
91171
109939
198159
117812
63645
75940
63683
219337
237120
136713
133894
234504
257884
44928
208637
68845
157004
149377
254518
241982
162913
61812
254430
74102
5701
59616
25985
68615
79621
204468
211311
81687
54186
44410
52216
223338
21056
56460
256282
106254
16062
206705
38271
103887
203947
18588
253031
71863
198462
91213
220499
202474
155358
112133
87880
110025
143315
81658
46212
160017
81427
99914
214454
86489
234567
244236
243126
82768
115184
39863
258873
34801
218742
20543
253568
241923
219511
137875
141407
64409
72454
210051
167354
73724
44732
204314
52609
175405
63141
169490
39514
53372
222450
59535
140552
207783
199246
254230
197280
41044
38855
100494
172370
191959
219030
98840
31203
110110
210318
58802
256634
195093
145127
154367
207760
28500
63066
213186
34211
254231
205819
54301
215799
88593
239100
120858
248078
83596
53663
214038
50583
132643
137272
135967
206549
7831
254545
58879
160466
64542
76530
148973
11451
63604
187716
1970
209700
147596
197946
54058
6909
136126
9223
233540
213502
197237
203672
85710
14084
180480
71645
141114
68142
84815
188565
171994
243728
155363
135694
208926
229995
210502
122320
165663
214685
154642
13280
35691
66588
223743
158695
34659
189820
143095
229749
2590
211305
260814
42215
147017
85232
149622
81287
202144
105775
77508
155824
15565
131877
130850
75355
248086
88280
213925
109076
23036
237338
72972
7526
165192
248204
191460
203640
76922
63205
89305
171620
64100
240138
235350
261336
126917
68873
172667
130235
186928
22076
104037
217861
106447
103655
3920
81197
99789
123490
248083
164883
83487
17549
52373
242860
7127
198337
77340
153317
210311
159596
157295
247680
54531
179040
31622
252679
85355
218732
226934
22807
212011
118690
91288
209860
11072
232849
170986
179899
71853
261440
216443
66304
251497
174726
213844
246304
183633
174147
117008
105551
223880
26969
62783
72629
79175
149941
135245
137988
255018
48740
230593
38519
146674
114503
15117
182800
97066
19626
259965
32732
216404
189164
111263
36243
151069
138041
63542
30489
131156
156666
239625
107476
248968
195226
84813
171352
143440
18410
173547
149629
13445
110958
121251
103100
202245
58118
182677
260239
31276
85786
161048
46973
134005
260197
176339
35520
99185
80439
157234
80663
192486
90973
231408
32236
134575
44322
229223
71853
171672
44016
32138
98088
26646
259222
205297
168681
261999
44911
25609
169765
54361
246000
140835
75790
87295
226728
50219
10906
30619
229739
96964
46749
7742
72896
209338
11439
143426
7728
186404
185048
250259
223285
73782
71388
166125
26194
160759
64031
1068
261222
236001
49144
106250
123195
144627
201330
54406
226870
95101
233797
253121
185904
198725
96010
216251
116980
190385
4555
217681
177578
31815
109616
47158
114792
143322
165575
130439
87055
9016
203111
146377
76888
50355
116523
150144
170504
61956
6797
118942
210289
101357
191463
121131
131454
80890
148880
52456
91144
135168
82779
221043
24378
195247
51464
155198
24982
144904
154175
214366
240652
190189
108963
235618
177922
179727
38698
218459
5902
85679
180609
217985
229460
152685
228543
48921
65553
193188
221457
159225
24210
117019
95026
124717
27753
113202
100846
99711
250988
196783
211423
181435
224161
15108
168951
124195
7513
17425
31098
78555
247116
106237
81182
202483
30267
37371
52259
197494
125039
259160
261574
147895
250968
30735
104840
196744
232482
169507
23177
92545
157894
85048
110989
9740
140538
38018
91634
159268
247745
128215
222577
114096
58250
184058
71224
167165
238186
218813
216892
108300
165094
180102
78047
24919
58641
81313
185088
230996
182043
79267
195520
46855
39154
239008
43834
5148
136702
213656
218423
78222
156332
173524
258151
18127
69643
67465
47077
222006
178358
179303
166065
67834
228446
128052
25663
83975
256556
63823
61283
248058
237731
225449
91055
255099
221365
250720
251196
87294
80879
116510
67499
132631
88767
124204
90375
197009
221036
52857
54408
209183
239895
181439
195012
150342
159029
216576
14634
47142
155258
54137
179088
192938
76847
25931
147601
140346
27885
116551
51597
163265
147682
184067
175681
242680
187194
101228
234974
257961
125901
102265
243419
143794
233622
235265
12769
143551
38450
151112
95398
199821
126739
241894
27222
250204
188822
127034
193750
135971
122863
108496
3620
106124
60333
19891
145632
35901
150322
175618
25405
47823
71769
1329
80215
53660
69383
153401
146276
150412
226747
39997
176540
57190
225988
33187
133856
136280
105643
96643
51455
85765
79879
60815
229116
146985
105951
219304
75406
114276
51616
249406
218981
71038
161580
192483
15249
94351
220871
193079
21063
79396
249995
28617
128278
155905
230896
123251
217764
76038
207114
80214
76889
150878
102186
98689
156213
217034
81325
253722
140033
21769
141576
124778
118711
77377
68601
134261
9657
31264
170500
217330
166555
7245
237818
113308
161445
148675
57508
52800
26826
190153
119424
87089
35721
191114
227251
115518
152861
244239
205206
141475
163102
71466
132249
192866
96462
21374
140520
78804
185073
162574
82788
183465
41686
142864
80834
234079
111379
261368
140553
176729
156145
98804
241560
85175
38453
212539
98843
32875
7352
162565
3803
166183
200981
53832
155695
123228
57263
215445
182716
99043
77992
174088
146175
211650
151741
215322
230518
244603
238649
217201
113202
257061
120756
10177
65431
208685
203359
106010
224006
162112
155747
243073
152928
182531
38114
149195
75467
87168
102608
201023
252718
52822
242595
105145
68525
101483
256638
175108
119718
54656
83272
1440
144505
183539
256396
242998
50261
176257
104876
258519
194796
186838
79519
38863
229019
95810
65142
240769
50954
75860
134609
167430
226824
169359
35661
207614
11051
129909
259091
210436
241312
241835
127552
137673
160399
62873
91928
181020
59552
123547
225970
139512
133764
57845
238269
240238
134072
243145
37801
51102
23115
80850
75274
631
112415
25238
149814
131549
90415
175208
149429
238470
209176
95977
100725
186943
100487
29593
220420
66835
28500
133043
32498
77269
84666
13640
103572
158198
116266
126414
121109
71786
176256
125089
240310
228362
19911
219677
43460
63914
176880
43604
215830
182417
198628
210148
64532
146287
62001
230765
196107
19405
188889
110953
46669
89985
260814
68038
115340
170889
259142
159591
18452
251728
218799
4744
148117
186062
106422
24983
190128
2753
92095
206074
17607
181776
164267
135004
161803
58484
234481
130123
242600
30142
260381
156069
81897
123616
48466
245849
143462
93832
195527
223023
191234
82132
3723
16123
124780
116861
89789
80619
22799
256180
240572
105875
4512
161016
103896
132652
109405
85933
137326
45183
77422
213103
225938
66196
254069
16126
14133
132952
236621
214348
217242
10277
193578
60297
233724
40699
126993
112274
131295
37751
233088
184690
21240
199734
32181
217941
38336
147574
112170
99970
94697
104269
134934
71289
19016
82414
39010
177992
196641
137202
143712
183320
716
19659
231242
23112
208513
260553
204540
124618
255160
178470
188759
137945
122078
155273
27753
176360
236407
92339
165017
175659
86859
94385
172720
188134
177526
224360
123352
151707
86503
9538
165609
7769
64453
131776
205978
41040
7949
121974
213391
189724
41553
143832
212873
246904
32002
242173
180594
205217
89301
203404
82594
219220
184973
142673
70382
240749
252718
123919
160353
156567
255376
226998
112321
139770
109979
57270
223636
8936
69505
121311
207303
63248
126367
26052
92338
59513
176057
55222
141046
203000
226839
91391
215190
189774
233686
220838
241453
204046
111290
72508
243802
73424
147475
160693
192928
63811
211505
32457
150176
150766
112415
236351
81769
106156
126101
67416
165895
45425
241092
135259
22738
57125
98106
69767
1601
117437
221100
151200
161435
43639
239917
256430
102902
126198
225921
120023
24624
57556
208170
111367
33318
1402
41974
123387
243710
74451
159649
256839
949
72689
12353
242359
106667
129935
130822
210953
161305
19944
195630
123872
106967
96947
67796
241041
200127
79113
193684
141378
242840
9991
210069
133310
53207
80748
196524
57968
245525
163289
86513
163443
147568
253203
154513
184747
236779
257251
253824
155768
82185
111094
152727
261287
97006
67783
246532
74230
11648
222170
227745
91977
226750
198923
168025
194586
19208
112191
206154
130256
123755
16064
211047
78100
34099
20135
43903
85021
88669
180227
132495
9083
66685
132666
8816
189904
10981
8054
124052
68982
152130
159814
145965
22195
122744
17656
56264
137386
204027
43671
229646
59132
261577
68662
153046
59930
9038
241838
48378
188103
13694
45453
236089
97576
40379
130830
246780
498
229159
52735
65575
211028
2837
228323
53739
21996
191319
249475
100450
108182
111315
26245
124503
20292
87083
105430
245340
21349
204620
161685
220248
237337
80952
245365
189111
121985
103770
220362
234736
56996
42751
144218
122723
251335
204533
173662
78304
14368
191966
174493
211865
188272
113781
216914
66253
237426
24205
55928
66816
103293
77815
88916
242068
40618
32419
51606
156181
98806
79025
89401
198498
70244
239309
768
192542
42864
159114
254490
61556
99179
258197
11824
43957
28039
191685
57995
215323
7735
199460
234446
253335
98521
177688
13375
24112
244218
50982
246102
42307
153782
95478
128678
254266
69536
29181
90354
238954
101184
35266
141650
106629
66992
96558
236271
837
125731
51768
79561
195230
18885
252874
92229
129234
138250
75212
65552
255907
248533
169141
247826
166229
64766
16788
3076
90689
57341
196712
50769
185104
165815
33722
242343
5598
93088
216835
24014
45063
74811
23545
137638
138803
98423
22624
186816
132127
127871
37982
104393
35043
170634
122066
124412
220455
175446
152140
119787
3695
4955
29063
173632
144882
209328
115993
237246
209321
201493
29310
48765
47577
247621
203990
46165
61257
101479
79106
261379
95578
35995
185389
192092
112821
137596
191102
78997
19028
201187
24935
45225
238549
59543
99751
202083
167265
91853
218503
246470
26733
221212
125665
140543
55383
207737
30637
54375
254785
227713
252641
139948
179603
95926
29750
86769
37819
3351
40286
255186
224335
42266
164997
113033
94379
100052
19402
156017
98372
46953
103272
152194
157404
166803
189511
146887
261958
36230
16215
202993
160888
40132
72103
98416
258389
130790
57034
243107
70547
225441
171242
11252
234113
114172
7584
27334
67848
36230
250422
235227
34092
155057
128485
55778
241506
147306
109735
180621
2850
175256
158754
10196
168001
37843
129414
220125
65187
89189
8123
229210
1936
68638
221992
179939
78931
80446
158024
110193
138242
98681
8504
130919
128283
251182
67482
213060
166411
118790
125548
188874
78108
84815
237026
246354
176290
106909
146174
87253
134797
10338
141805
214041
94554
78263
135513
259466
225183
66172
59794
154852
210561
101383
184039
106689
54888
250643
55045
81884
169985
206386
144281
251215
261605
228793
151803
222469
41310
114914
139297
172638
5238
71105
15460
28453
254015
71283
196249
147528
17916
214719
4010
56941
243227
38913
111967
177208
155371
4368
87014
67461
209858
163536
196573
192882
172155
240263
49294
120411
210544
92373
54033
131674
39137
130891
100961
128060
133783
230623
197708
146529
47216
20315
33287
251290
12808
186320
170228
196429
154046
214735
207965
197729
63150
253434
45041
134874
221484
10191
37254
215860
108990
138227
245467
121759
48589
28255
168308
258021
161868
235824
39867
127311
212163
137551
81773
136855
167511
