250141
224254
18964
13949
63654
26477
195776
69028
200700
4825
157667
238164
114060
169861
163226
32599
216328
144905
69946
181378
39980
197411
71465
164248
249250
237405
164593
20891
142742
237904
180712
130739
200014
199676
144688
1525
226153
78321
70553
164710
83146
228220
140730
197206
135938
41812
229805
90122
186717
37608
9356
226697
235019
80821
128802
222125
56082
31251
243017
198824
7011
161585
67419
207026
99117
212108
208551
63126
28285
16960
227836
111431
245180
106422
46493
118974
148234
14154
209096
72807
51762
218452
37361
24638
37130
166163
246763
93212
197414
227636
29893
204426
127077
97312
149308
226194
47276
95715
27177
75561
112675
255013
186992
95711
99292
233485
214686
247526
247640
161638
58190
37258
117947
95551
61896
155077
261714
46516
248289
196984
12008
16038
139266
139086
113351
26430
103136
160627
122145
130313
236189
234820
123183
161037
68388
222475
132379
20930
207857
117875
182568
3903
155133
38371
99454
217030
193448
99024
1402
179594
33865
13410
195632
173131
152496
46839
199562
255633
207467
59563
123802
181512
32240
246985
80405
100628
207316
212784
121558
153030
68515
41982
156933
223649
80354
256388
178535
11658
93268
179937
191252
127133
193347
124741
38121
83700
171580
237683
77189
116903
35102
200991
36271
67342
185833
116677
167970
131005
67317
27384
21891
135833
69367
178825
97338
149721
173069
13729
161379
4193
193666
90488
131327
124869
215229
169448
208569
124665
144987
23614
241569
180089
224606
15696
247432
148295
132373
153258
17156
199691
180643
39048
73380
250010
217873
170718
137587
128798
184447
36822
132991
115969
127310
2174
240838
80395
171622
187264
205061
54465
210878
184486
234555
173340
200182
219843
59491
70412
110957
76648
7959
29456
115696
81339
17322
71425
252057
154909
200223
174360
191732
71070
28185
56898
73245
6879
137294
244867
194143
80211
37189
142878
2553
9600
54074
202735
229443
113566
11003
78256
190214
18962
107713
43766
100301
125035
115191
90214
17801
53270
2430
209533
124340
30615
4287
197585
37495
141581
180309
231638
221792
217498
112372
224345
227098
166447
164937
194397
17869
175940
10509
208083
194903
118222
251849
33060
243258
104896
123275
261059
158166
125705
208448
20362
156321
212735
217948
193816
92173
136113
163310
51821
91467
13539
14023
56421
179986
178960
250818
197855
92756
261327
143794
25515
117406
133499
58576
98520
238395
181851
97435
134417
45412
43739
154779
201733
256474
110583
133405
86503
246696
34572
138325
76019
48111
152348
132440
228097
69164
121114
163808
161920
120298
45458
187436
237704
178957
246012
74080
155208
165719
171515
27481
211131
215254
182260
150721
209584
30700
21982
33944
15252
56554
172269
91272
104665
62473
223712
70618
131637
82683
234426
31413
202981
17740
218849
178541
196697
202717
252621
89761
106292
161992
117242
55280
115102
37359
206001
62542
68059
227983
96486
83311
22394
6611
174583
127059
69084
136152
197678
200721
218835
169960
232135
159672
187701
188840
76069
122254
129414
66546
212016
235706
228538
67114
28842
81496
104473
234843
144038
172532
200683
240525
255844
223077
247136
168283
87992
54077
42291
23526
254798
261126
193487
224789
158654
119044
151486
234723
241298
18756
39125
191170
254462
5519
258285
21161
87015
100614
256004
231054
11003
194543
209435
4703
155476
194427
172986
243469
248504
215278
4851
241159
214260
198338
203804
110771
55238
93146
83350
34393
111902
122476
225563
104221
127995
221704
125382
215011
60175
119242
183921
71178
51642
131212
75881
207118
63495
248867
188443
49856
202001
193295
28871
154118
129489
232675
2745
184728
63678
86095
219121
175580
208571
182540
17657
74423
142101
143039
27290
202276
138
211211
11310
51780
80279
87191
258898
143774
73914
185198
193630
13772
116349
222501
167890
245838
193033
170635
168422
256711
256730
125399
170147
203158
45796
187805
15437
187897
68700
42727
128029
68838
253938
139339
120618
72073
226530
117373
215847
38300
40427
147334
52072
156776
107691
219962
140470
38580
128453
46749
33147
123040
172148
203295
64054
217944
128956
79491
143697
197656
122218
9582
4351
114012
148921
124969
186085
113307
242342
139788
151608
20625
24978
203680
177401
132670
161499
55728
171250
27808
102477
204398
150848
12481
145549
214902
230426
12361
32249
111979
210017
154467
121562
214368
6335
8339
77194
192420
121647
57392
70065
11111
78018
95043
214791
255419
227713
114146
49003
136820
141955
151480
79074
30659
163962
224623
245562
132244
236984
15667
244223
184857
170135
103641
137082
176470
111981
214276
106747
233628
9524
176812
244739
87542
9711
197386
80818
237425
49389
129821
112101
191344
19158
191175
222003
183120
153654
205421
53220
128494
221089
35299
51207
129080
138941
188289
43406
250922
140421
150153
222406
149946
64821
205001
237488
74533
140243
56162
49814
189632
185984
161915
118832
205142
90946
78692
126118
244600
21969
179338
110950
243058
214637
162157
109994
91434
88303
153401
80212
228724
41410
40474
116526
106232
245475
91871
180765
123575
148033
230579
51063
71873
130350
169896
14871
221296
248588
140989
203752
8413
58183
52558
251472
10677
214715
99322
102111
40874
252723
182324
7455
31990
222798
123981
138222
206130
215852
56843
67561
101742
25278
118624
173615
155628
26376
188487
114780
12820
67332
56388
21234
125516
108946
10562
136193
61517
109884
238304
102392
100464
158484
109847
132454
119139
233828
8532
63125
187537
65375
130686
27135
90653
249310
200750
246281
13543
127093
98917
26363
194426
155305
47597
57798
2107
58159
193991
63624
168044
170151
166016
6364
66492
13719
138818
185631
247548
147350
248756
172941
212725
117298
200076
41234
104464
138682
25371
118007
3632
124288
144371
198058
17449
191968
255856
19556
250128
187703
83180
156028
95710
249197
162392
162202
772
39066
85689
248320
186416
72301
159117
136997
189599
97049
178231
31920
235732
203602
149927
239364
65746
32154
175278
83195
224123
168990
102751
212107
94549
185931
105991
190259
172984
6239
90318
173757
45305
176007
159933
231721
248309
56907
106574
175764
153956
22661
207684
127544
226263
95468
104764
29865
127622
17898
113060
89601
186888
215811
39564
19293
139598
145555
209553
50439
151794
37727
224196
197099
213734
121985
166676
199899
178892
11106
113520
70705
33767
59060
198249
260030
154528
40870
27751
20007
58768
140811
109608
245657
94478
149173
2806
234077
32584
212359
22372
184379
250086
246568
119334
201677
106409
23867
139432
23158
34973
252952
93863
68741
49869
29968
66627
204397
70838
94379
224404
129607
235190
71869
113120
67525
221042
115926
39458
253626
66142
61830
175861
54084
46254
33052
255761
152663
56919
133050
175821
91892
123858
7540
160633
173727
37509
227261
115981
108347
59496
78241
237954
32542
150110
88930
100067
109008
204857
139525
100491
8855
201355
14208
62939
247609
47260
56557
138129
104179
189607
51806
196072
51321
59347
94561
225049
96856
59678
78886
205203
119174
157127
181014
151717
45094
7800
251784
154102
212657
129166
254593
221512
68377
6658
22308
53843
53918
78865
191972
158098
6328
243778
92026
57649
40981
186587
20554
137837
246266
99440
80897
103296
256568
261911
255013
39518
7567
244654
193620
220225
111676
186070
179593
180053
192728
201901
233896
246646
18622
163724
142600
24950
145359
234626
82600
186340
159070
103154
62034
143192
202595
142931
246488
197019
142698
239358
236537
150265
221868
168013
108346
71400
91939
25796
251453
22523
227697
223206
7026
246320
124786
149626
9126
8001
122109
91726
194342
19035
194881
256376
162227
135332
137163
146571
70207
17717
123785
44600
167982
83509
212613
14185
154909
42409
39981
144219
64932
5534
105281
71958
251854
230067
221585
260981
238069
81550
90563
170267
100585
23300
164499
668
158632
39518
147239
228839
57235
8881
11295
225217
92390
223909
239402
247300
4174
17239
129375
69106
22774
234656
141065
12484
202579
100506
11321
178504
182056
101885
86627
20497
125185
251126
21165
21674
28500
168404
250513
85735
177285
261809
48809
7532
223574
26067
254832
227748
43307
122063
34710
66081
94575
175775
78565
35010
14137
89887
213515
196193
191772
37998
216690
54813
26981
237855
76487
55481
144116
64857
141217
59257
64522
190026
66789
25952
216093
59477
253700
259400
181540
26266
63337
13971
202042
141903
48982
216179
231790
353
150229
161418
38351
104775
216231
65332
80487
30575
120814
224603
95432
262031
21716
159954
189913
88506
185906
143862
147983
177462
141119
67380
203728
204456
81351
143626
84215
130333
97662
53861
130686
247891
215279
169038
90522
169367
234370
171009
199942
93040
133468
33230
92927
155185
193184
20696
243691
116946
164559
129530
32264
43534
196910
235992
247990
16118
117475
70062
146451
215137
123923
14994
200884
77059
184032
29262
246426
156258
200272
184224
249299
71596
217454
80082
226781
148494
100779
208328
3296
3194
75715
35560
46728
10481
9408
32574
26599
126883
102636
173051
79876
226560
188045
18616
41475
109933
47879
25757
4047
248151
209981
253346
57603
165291
71285
22241
51641
172064
230569
54937
175258
44140
90497
221986
54622
99905
254560
81221
226789
95053
254272
44521
59469
180173
63138
100944
27962
111017
126701
32010
97024
74538
23212
154627
239829
94497
176868
29326
4417
145294
84263
179675
189434
174760
139517
244056
12521
131934
63134
239310
226987
55262
21688
24312
235436
84826
125256
1254
195843
251957
33264
30723
64351
56477
185350
42036
150974
100075
71362
155392
245369
155625
72923
172659
68241
212441
154572
80762
82231
217706
57929
47074
10824
79617
71386
246260
164443
196642
247515
98142
186455
18635
128865
250806
75112
52071
30698
226087
152146
102060
119335
135371
257685
192258
45887
63782
142555
200459
144544
224786
156021
202473
9716
166845
19946
81102
150962
184389
15600
136333
20387
202055
154968
149252
190717
230081
201324
221415
194024
91326
61331
51215
226698
56872
243473
10441
120654
123885
210900
3055
86527
104777
205528
96244
9478
225475
177346
160440
147720
192947
34629
168108
132858
189598
55216
61432
157535
256540
20703
89415
85723
82035
140630
50277
138907
121959
60718
259562
245844
9474
473
70228
114251
206001
166472
123729
169332
81674
22026
54909
12477
56655
223017
145336
246253
16089
206768
141644
10486
227471
231059
96209
47362
109545
146486
186270
231505
207204
183688
215205
216678
184161
23289
68785
128018
189761
192514
35207
9292
214540
90116
21769
9052
50989
167105
255305
67078
111729
134806
77564
77057
103721
173773
124419
213267
58115
48545
182628
3175
232233
135689
219853
154250
158979
26494
20125
86596
219009
55332
95888
171405
145448
117658
180457
196437
22619
173619
1371
134349
46281
78936
211406
150002
252709
73681
101125
48681
122227
21609
51856
92316
157299
9566
246567
54134
36060
4548
140730
255069
59880
236619
164331
205328
92133
82644
139621
114752
256263
140992
249101
40400
219928
198363
190403
210494
9901
29384
259175
132128
50994
48887
224444
208293
58453
208867
283
94514
213415
141013
87439
11151
115488
251770
216479
207621
72271
93956
60230
66390
234949
47187
106791
192733
245551
35050
141083
255452
64434
138114
125436
115428
187002
87736
61577
245455
34460
61860
77825
247875
202874
165265
259027
56218
154891
213362
1696
227162
45175
61926
31409
17980
109113
138200
210713
92520
173250
89653
85828
237684
227767
211264
90969
152625
36857
152546
135937
71317
214407
213762
57048
155137
116883
53931
211355
9631
5150
213051
236793
50325
12833
6058
68305
121947
144258
16874
214467
55364
106527
38152
30905
72151
249416
121874
224776
24129
12276
98569
95446
226683
50188
152495
119676
167071
206426
68888
176702
211576
19795
151352
261901
32629
157410
68062
154576
39525
84937
106899
94889
191464
145051
125794
1471
132324
247668
226248
156453
259945
62673
251900
224484
112861
142251
82017
17789
86533
150905
194491
35966
170700
83699
35723
203329
241110
103786
95761
18491
188723
202661
113380
118043
85568
239175
119515
217892
224699
83619
112202
222500
146292
101958
184841
259154
244209
4714
14799
68598
155619
209290
104564
64175
30846
140288
5361
9812
244074
101122
28303
170653
41639
141683
26552
127208
118714
146067
82956
81270
229686
195158
41626
113835
34972
226467
110845
17037
231181
125644
85636
124656
72790
190200
188832
103636
68344
194193
113448
50274
33171
141751
220927
74811
21291
247480
202019
140005
131403
22831
221275
98946
217990
758
212781
252962
227225
61482
7856
196263
187126
93492
58775
259916
21548
247607
101409
89893
179656
214857
140167
212828
94465
98951
25495
115756
84287
227514
255761
215690
250345
214893
52492
206191
215651
3129
197010
180732
64611
204866
114851
251737
36214
173627
249510
57762
159090
88775
147655
76603
41488
25679
27287
135953
124630
52782
251709
208917
18152
245327
162463
6353
198076
214956
212545
151583
218085
147411
70171
20553
90133
185023
10146
126347
96506
259656
184109
255596
86287
69621
70055
127776
95300
97342
1585
219930
150124
253295
166703
168276
236478
67022
174630
172410
19834
125031
61849
237920
10298
132020
258473
100431
54899
6475
226778
151405
3988
148743
144858
90275
218364
214913
218051
51520
50112
219637
9306
200236
210788
176009
106369
185122
243032
18855
95388
722
143886
157237
238642
154184
27113
234971
254615
82013
241447
219249
233418
245435
105848
116132
73566
62069
68902
29474
113589
119014
249111
122896
57106
197755
36761
163475
120733
17649
182330
216121
18372
64072
111214
257014
218256
138327
229842
210727
220340
209145
167832
191615
192436
11537
45603
3858
73606
114505
33332
187195
233519
20299
47947
28482
218054
84709
191957
76643
102358
112144
30620
120730
176216
141834
115601
132329
18018
83299
80912
238358
30300
248745
167829
222736
260282
213433
226594
71744
65794
259927
258939
37170
18082
44743
65652
236137
129452
257609
50636
231810
107609
81257
90397
21682
223091
205998
154011
241109
27153
234923
217324
57453
221524
123009
18045
219662
74298
244639
29262
140093
242422
26058
177263
260505
70801
242915
234498
200253
238380
22990
169919
83846
104247
260316
105528
65195
204170
259539
44160
231323
232318
261484
26632
191699
122350
44677
149217
196648
27173
178480
74597
7451
204538
251860
5812
13195
232631
240310
213448
208868
1157
121223
30570
105404
119396
136098
170599
61422
133493
214760
30602
103667
214100
57234
33222
74306
101912
182440
8811
129085
98776
83408
136536
41170
73125
142349
54365
43612
120515
5669
252480
121672
126892
20906
227077
246288
157004
135532
45567
28353
88148
76169
132021
40105
133403
165243
114411
235315
85539
123222
102256
184315
206631
238793
225485
17612
118998
17706
61224
239513
23375
51561
99042
150268
72467
63975
134412
229472
199507
179979
257825
25512
256148
127702
65617
127408
30802
180028
100579
116341
41107
202836
38513
247738
179485
1854
3206
36339
19561
64430
13708
42936
115991
112750
193204
188459
176725
65473
155787
114089
245452
151468
139601
239457
17027
205218
104721
47829
123102
205300
164170
164209
145992
202683
149803
63333
204538
153009
99672
224099
217440
113381
4891
71287
226131
198096
259746
140713
1425
153389
254802
246877
42714
132259
224190
59741
75333
66767
107570
198435
9924
9596
100501
155916
212280
250304
219250
154674
141170
56778
116629
96466
170159
121520
167753
134147
57472
165356
12716
58897
56601
5374
43631
99315
137633
5677
159056
212966
72445
4482
149257
82369
14079
249758
238285
226359
237919
195391
118889
116945
252170
235518
213411
160185
94894
119020
32188
152367
22232
44904
211264
78834
50278
254895
178149
187911
260573
75062
138733
70874
79544
25847
153243
93623
13461
129384
57838
251380
62632
176727
106181
52658
150101
57448
212843
244996
176469
245032
135219
198701
27792
84339
15391
78071
77091
193541
3838
75520
6459
142572
146394
86003
168419
37493
179627
181880
166877
237465
171117
229509
152049
15154
20023
40006
72603
232867
22858
249072
215755
158077
185629
243547
242417
201021
59474
57364
132418
63313
132884
138877
205885
17134
224880
112160
54627
142363
31896
221504
117685
203013
188870
7590
218168
208893
47596
28627
179616
70455
15555
133227
228532
201184
114631
208805
140061
174105
4025
10335
237418
136909
149212
181159
154043
111949
31175
208670
254312
63072
168031
109853
3941
94757
117443
222109
41506
165040
250736
221123
235495
4147
92206
201883
205332
206837
148545
83249
118799
152570
93585
94073
27336
242797
13089
181379
92602
44264
127906
84771
107336
33793
194624
111278
128550
49924
71243
170056
214964
59836
129035
188315
63983
221242
128054
7171
165935
14455
90421
22590
167026
184006
116664
194362
164659
129753
113597
257262
174017
241503
79889
19210
13152
12369
130488
141702
62293
201731
49615
15113
261567
178650
203428
63407
137748
69339
70578
41540
83794
160999
64130
250820
82861
180794
183038
247521
48403
34492
242639
222421
13851
60384
241631
27004
72753
109975
168706
135047
49562
218321
150160
48986
134828
91445
112393
10432
160784
182971
51972
244578
81827
116103
233255
164688
34753
154149
150065
83157
188641
130560
43434
202493
190944
22921
229497
1554
132896
136059
136601
182458
92237
24617
231444
227065
116062
81693
237497
14702
2521
27326
259281
84348
143429
230392
249036
178182
122397
136958
261339
48895
5374
42629
251388
196319
65550
218741
197873
198446
92656
72330
118761
184893
96947
88061
149814
213010
169755
125168
227712
172276
152494
224849
256624
33779
193097
243516
211961
53351
118330
211157
102246
123705
253786
91490
57880
57193
48087
255753
255639
140743
65939
112256
63493
162886
200318
213307
113752
107929
76331
79321
18061
228825
42026
12541
460
235124
256057
212422
26331
112244
161435
128577
235949
153077
220067
31685
210270
6010
25294
203766
146753
91233
53878
210246
254119
254196
161410
105728
99981
237741
185049
118042
204423
227075
130583
204883
200055
124497
155161
226386
236741
54452
92819
210546
207530
50742
242231
155656
56752
5381
97278
203506
96614
151157
151608
88589
143209
50874
194317
243191
26472
117222
99089
230895
82154
229673
173634
20065
92026
66652
246452
66623
121104
77127
15025
66490
127870
257256
222147
184622
493
57281
125984
97107
208438
15449
185696
89504
66323
117870
70551
92795
235092
169640
61546
55102
137169
235181
75168
229195
39689
59476
33674
160793
136603
48699
227284
2329
43811
187287
186952
44304
244568
50792
141411
190863
66241
64964
18223
132565
182834
88774
225360
155782
258414
24763
210885
133440
259944
23909
100491
37489
83385
134166
198282
219988
182865
163422
222318
226677
88565
147126
8837
70990
197918
150249
261853
2016
215213
17932
134581
135903
106706
97797
29541
102976
122560
240426
236416
120360
2191
74764
157849
85576
208930
93988
43421
129651
257410
3595
94184
83832
150721
103022
154822
86495
253271
154531
88511
206340
172463
223092
80099
17025
58746
109640
120001
181306
87923
94274
39523
90114
169038
197372
175691
115824
29216
219112
245475
24483
222707
77516
108315
111284
180538
993
197779
171665
155524
24147
115861
65843
247239
195960
82868
43841
43456
202869
225148
131379
34999
2527
221494
204037
199899
135041
57717
229116
92009
41049
253599
52572
118565
99770
163856
36959
100763
99491
208624
256287
123638
62341
59986
108734
258301
142854
152575
39613
83579
115579
170993
118579
118106
130343
60472
55862
3240
118190
22834
95249
159239
14289
147821
15660
114059
49533
52619
214822
149024
261243
208965
10519
61440
6807
119253
57597
149661
9684
97210
233240
125264
6059
89675
243370
136402
150148
37088
139642
6194
59922
234891
165433
74211
120568
181093
188270
170101
233712
140948
56982
232811
87769
67501
32107
94576
186754
89704
244237
196438
186914
215334
59558
192974
42865
40785
67232
193013
77873
206875
199207
137796
179622
102496
212007
38047
21445
138134
208148
255157
16938
2986
225824
104708
70487
257931
199284
257241
85491
181378
191536
10262
134568
251094
203236
177433
29735
8324
108303
107609
215199
45366
245405
132678
147863
195268
170725
169308
71258
116729
162322
88197
119716
126002
192905
190203
121790
130045
185301
207281
49279
114693
217543
183847
103643
158635
99137
133379
166960
207440
240988
120015
252806
224249
252693
138525
157373
161274
45690
228632
15860
208012
54685
135576
71870
247590
63635
193660
115491
248936
138798
164771
101485
94197
86474
205129
252833
185611
76364
157649
130907
55208
15520
121570
17313
6070
260095
174686
167344
43641
141174
183204
251653
195859
56636
61380
181305
120272
255040
34653
107064
131694
199424
208550
225892
23754
151535
216581
209366
227899
112086
78129
20963
127606
199699
38276
133676
197651
212962
38877
241292
91993
222081
230802
25708
16574
30038
207014
136846
22934
241667
243910
154629
178947
190316
118377
202701
79707
72814
149923
45462
184900
228053
66425
50362
165608
104701
184039
101115
55520
222916
80264
147513
182853
48922
173221
199427
78960
118091
74129
101894
97614
55896
256523
14417
246212
112756
217119
63776
185570
104898
109238
108326
70807
175664
158689
236416
18221
80584
75387
73741
41356
155651
221254
224209
204573
132332
161493
21389
250423
235622
123284
85894
29374
117663
100311
13443
230420
55286
77219
153846
160185
186457
29
230992
99977
158718
205264
118199
239302
18508
191940
18514
174159
151051
242723
116589
21239
142072
137978
9518
115551
261262
95412
144925
116782
195724
158368
85058
251010
235587
238904
149051
159901
238933
117900
259878
135507
61020
115933
112665
79528
45730
131179
253688
196781
111759
108133
218020
253831
246111
227538
107238
245230
60807
252164
99868
256531
148388
184926
245397
121832
161686
132305
19589
138476
250205
17323
11839
49081
133257
124505
128610
178987
255684
120154
113624
105299
228287
69500
96987
212254
34894
204225
195340
95701
194245
33064
90088
80490
217990
73342
202322
117533
205647
221911
256009
193708
239234
5704
242789
110347
130209
109255
27190
123750
229409
140814
229049
195552
210314
63892
145663
245209
5974
78859
78766
200219
111924
168855
18565
67770
242197
220887
185303
185700
180654
179168
117264
157745
184873
97909
5948
52938
207165
33139
176688
174430
173953
143594
107839
122124
207486
253502
105189
213460
70217
183955
151536
182141
90666
170101
249912
70719
128845
173071
256419
47355
90096
111539
205100
12825
209449
211049
65763
154470
244188
242452
66756
155997
123902
174595
15977
69244
165953
121166
20561
236171
42978
172097
156168
133644
80054
143936
204364
208899
54864
198639
256255
144960
48035
199211
157785
257484
148116
223548
149810
130160
203856
216566
24014
65614
129018
39991
134859
32827
161158
155420
6854
204136
65373
163023
75636
145427
44815
17856
92183
99679
216496
86294
244639
2387
23361
140280
259871
171478
101685
147537
39494
43397
101959
63508
109012
230977
103500
243871
1661
2514
137147
8515
206650
202520
171538
20142
85803
216354
37999
177986
53889
254495
2136
36385
256882
25498
176665
254609
196976
16206
140002
236470
59604
241961
37835
168616
210795
141335
150343
212456
143849
25346
220971
88355
227866
130366
108497
51525
84576
146496
229512
138465
138847
231648
174850
133585
257146
89372
126050
191978
105578
3908
166305
165182
245870
204140
71654
194521
83331
221997
144833
227180
247343
103660
53391
213065
234026
161888
2447
56458
46241
231959
194924
185088
201463
107630
56530
196466
197002
182580
126300
40437
186489
30461
205619
170215
234601
15130
102592
55788
237127
247425
20824
222327
88941
74215
173248
60824
236104
175695
117282
20201
145510
50062
205289
84830
157693
261819
19152
92551
182256
145452
132988
106601
175914
76464
14672
148371
91594
117264
204160
66577
102545
224984
26760
191486
37056
200009
252310
11016
113560
107449
31217
259071
157511
236506
81757
53060
236182
100909
145612
156294
246361
16456
751
160131
92920
15423
46359
184514
132687
250519
251092
235232
213359
15708
164574
250415
215717
154741
261431
67134
46
30504
64061
157557
4867
145818
210618
241049
246727
94086
135199
230944
110542
135950
128932
203463
151373
175291
125833
21916
163666
114781
257148
114881
130490
159578
103153
84063
52175
102440
151197
52221
132945
215258
209779
137812
98932
158253
116717
83515
252339
251916
52316
100737
125722
181248
42056
14951
94395
167890
36867
258061
20527
31871
110798
151017
191449
213951
235081
243625
54248
124134
33702
187193
77249
243481
62861
176181
139590
179578
259697
129785
169350
49869
230523
32928
231117
10435
47879
63368
178325
84746
59285
198853
116617
170083
87726
45922
121891
60663
27403
176139
184798
61106
101188
262047
42443
164049
176084
182034
81483
173637
49675
250833
223506
18054
21617
192479
28490
69496
255847
206815
154242
52988
143524
8715
223072
231251
54637
82819
29770
82041
258958
214568
143147
98002
214471
185590
262051
128412
105480
81390
39905
155156
70079
1268
173210
91696
193747
201700
161192
187451
146372
53290
240439
27752
62005
201367
259003
116642
22042
26630
198683
18856
241198
79686
116858
193526
3133
116765
59794
108613
198155
99699
1625
6090
100967
174836
97786
32571
114392
258978
220022
260764
50124
198317
26373
112129
137541
23232
228772
159583
49862
165311
178440
28917
244998
33154
222443
248131
149920
20093
94600
85931
119792
96226
92022
220760
8918
189808
253331
123310
186643
211209
121931
236767
147382
148304
86753
22779
171536
53381
182363
221399
218692
98659
250316
201546
131813
210615
187533
19589
230708
19990
105521
88356
116216
197543
46972
125134
125207
38159
248444
49706
249368
108231
24330
134607
256535
111083
157386
165928
164464
77605
125183
121012
176264
113355
60415
45934
61826
247948
65523
30390
5794
171044
118746
122010
106443
165719
247144
231651
203878
233445
19213
191103
79532
43543
63566
73924
154626
220952
239852
56946
36414
102891
177959
212678
216246
238374
258612
15928
224178
61992
46318
229973
233036
165064
89839
77336
68639
74840
46843
10374
46141
66056
201477
125673
109600
2899
199597
2082
223851
177305
59029
260265
18052
236988
210800
234298
213218
207268
250226
175252
7116
34400
143081
240153
199465
232921
55345
5960
45617
102188
16334
91758
168244
217811
217431
15700
220710
154885
17783
182418
70046
76812
180539
88099
51656
129195
60253
2730
74320
48336
177982
81436
82736
58920
59445
20057
29697
114790
26018
75314
216978
42352
167072
123079
260164
122359
138779
218730
15100
156562
139004
85147
233374
57400
173246
22886
186595
233499
25616
260915
19691
203599
80208
102428
375
139653
122485
30072
254444
148503
105386
209278
190856
10314
70213
188876
132673
208993
145462
147774
103411
22323
232921
74642
79723
144023
97528
4174
115378
123145
2946
135070
64600
83154
237498
64975
222807
97839
95047
215107
246343
200433
162242
175055
210747
232455
101787
81276
179304
247249
229050
20572
7428
199827
95214
87151
81706
192742
91326
197085
53743
94272
70011
118343
177426
45365
183318
138089
143204
16221
91053
127403
216654
253295
40314
165257
223606
142101
246534
140767
127207
213440
161339
134635
151124
256553
221787
232830
187151
50969
167771
240895
145241
237782
97094
60523
21003
18269
198612
164208
34490
27521
29467
251145
18672
69782
154258
242279
211883
138648
120902
76946
89945
20097
211582
241069
14506
171225
211755
201657
222194
117383
180408
105291
93021
15359
165814
114025
33628
102282
16089
68118
129804
45556
57119
148476
115338
211378
128611
65078
87882
249513
142024
177827
7466
91462
156752
21972
543
106364
223630
222737
223747
141894
65884
54624
157253
231698
168649
190881
71837
184738
259000
201641
230295
53975
87973
83489
3209
216585
148567
91092
203954
28448
6775
211421
119910
163528
233393
120454
7748
194879
81047
231495
74630
146932
23975
231883
116486
192625
160621
188323
115219
157477
127820
83370
211452
215794
166860
214662
170235
53283
43610
112045
81731
50385
61322
201642
213913
32572
59952
221661
227451
140999
191012
39937
25787
214988
9677
142274
145469
170298
68453
260688
65631
196274
81915
14939
149924
248775
229601
58015
39914
11067
170060
121646
61453
231383
61144
13222
1811
121096
234884
229262
262095
163752
7056
25739
116596
16733
168013
262065
187031
236466
260610
252662
170596
80381
5457
58376
67012
235059
116391
106926
246126
24308
228572
45435
255691
27572
58658
257502
148668
31398
224620
148620
195150
231676
174359
49603
248409
80228
49524
173296
54550
47990
163814
225147
128371
169272
21379
195383
142187
137771
40166
126169
162079
6594
171605
155626
34167
230263
150984
182835
261661
113460
69311
194667
82993
243670
244270
69258
61754
31651
242555
116305
79641
144225
79308
208013
51353
100687
141252
193540
238458
181418
57566
138393
188013
229171
31875
222180
197290
182859
142871
196807
34176
212183
129330
117169
193709
111457
186427
255464
143108
166838
109625
222749
48920
188933
168618
100273
27476
47727
31670
3791
229145
89236
142184
155014
56263
174060
115050
253553
94775
257922
188216
128951
207961
55402
246120
139526
166859
170404
132846
47823
75098
242471
8429
124018
169260
177047
224292
196737
224774
255962
200528
191776
83054
80568
84646
139317
254628
199697
130726
87260
195475
56798
216211
141292
112200
200188
18674
16916
108448
151521
64739
183546
131848
73168
45421
38965
250216
7569
235702
212846
1387
174086
142478
84441
254654
227125
223758
247139
164678
92340
72255
98009
149138
26322
239301
261338
226510
257975
16110
72814
147352
80850
256361
17057
154018
39638
56022
142090
47207
29580
92793
48594
203666
235271
133035
196176
200252
94649
181171
102786
186989
253426
200795
73983
17605
177952
73177
244115
173784
89288
54786
58992
170138
49003
76049
62012
88641
132071
204103
135848
161651
34752
184442
103173
7879
55333
37206
208132
149982
218377
48774
74827
209660
249570
148810
227265
165378
221987
209236
77018
49131
1878
136011
219269
50881
212060
19138
139522
81988
223241
13226
243639
257993
197668
84669
3728
253001
121875
211860
140839
78108
260635
215666
25624
248061
102332
252889
151295
62176
199982
228314
111307
201860
102181
68433
252742
52097
87571
130120
134085
48668
143347
115581
44517
78871
200250
48245
69729
59981
260106
210568
138089
258597
164091
163714
244514
4279
154459
133665
66455
92297
99835
177763
32014
202016
246196
22612
254114
71623
152732
126055
120291
33935
241636
164808
112807
179742
213053
182536
239723
211015
130960
115669
207468
32907
17239
189838
37187
171698
61360
103642
1852
161195
19261
33866
101068
3313
56478
93038
74936
209210
219093
195227
243146
198586
97891
93809
116184
48801
14201
93764
259816
145161
209433
205141
178069
226672
132835
215256
136226
194195
56754
138078
93247
76016
171944
194315
79329
228422
25209
154266
175489
244302
87349
156491
180744
185241
250300
34785
234042
2357
128549
231714
147518
75838
174711
63443
40366
45403
16555
176592
239598
73310
52527
70701
149326
224471
2872
228655
190750
28081
120777
104095
10240
208127
260586
190984
131224
248742
225769
103122
251099
92174
72692
136473
168012
247404
199917
208378
30663
216472
122827
8117
27638
175354
78819
176964
137681
81691
143476
66287
109773
2109
170382
120013
210236
168824
48853
79316
155422
12479
182438
144377
104653
255131
18707
10522
240391
218624
218900
8910
172952
79583
17027
200591
254937
95846
115411
130475
177538
258887
196762
25167
260997
105001
145180
209089
11681
194033
26262
167104
206512
208700
49337
49022
201687
68044
59544
179934
24524
16300
188844
197477
95884
205872
135924
88677
39574
251335
219152
217112
248079
153771
242279
246932
258772
125315
193877
8309
57205
220139
175413
1573
166696
224751
50595
106239
30651
110139
24030
55176
126440
212874
252653
222324
156602
126433
48857
196177
115624
5866
151145
101559
159637
131281
86347
156265
256596
18081
164574
51657
238220
77844
53231
142772
40451
103826
249012
71102
213966
10898
126278
78262
223772
116787
38442
118231
243220
87299
52264
96701
93165
203409
198260
252802
72546
22464
146923
66999
40545
49354
118656
16621
127198
171887
159394
167649
13570
146262
238751
227536
157160
102886
43654
118788
219673
82096
237019
200750
169395
27139
35307
417
230549
233567
253219
40951
256031
137999
107950
34432
187353
226607
51054
52407
136350
210448
220056
149920
94566
196663
115312
251726
37405
158966
108370
257079
241062
83246
195685
148314
110385
230992
148731
78790
202415
139806
119742
196303
15661
227692
230735
203014
192155
19645
255421
66362
230093
213333
216282
62515
147853
69451
52097
185258
228417
160468
180193
207336
243714
113734
93506
91955
82582
242237
170746
22854
119899
28344
219157
135561
256036
187748
76431
186048
207394
69709
252410
175343
20898
206548
237859
168751
13855
27812
91866
242273
188280
9915
187465
169850
123650
18827
261806
206232
261064
170408
229086
118819
198752
186099
254380
192644
111704
68668
116548
56954
138377
106814
232297
159275
51219
208012
65883
65074
235825
157749
45203
161961
167664
232668
69668
29170
251495
69330
235403
250415
239738
202345
107091
176346
126301
99327
106846
238005
167995
223395
32815
44228
68065
2968
203504
119284
210981
7243
184359
184662
164992
229562
84479
70512
200087
154147
99683
189438
223477
72942
177710
201071
13143
22657
115273
139444
121984
222120
115305
27836
183371
148120
72064
251436
151089
13424
108577
99926
20667
30792
22444
185659
260354
106923
256172
198297
261071
93711
125592
222404
166653
41158
161332
179796
63815
14461
57097
185799
236581
172402
213635
157808
58379
23556
147101
209468
36980
255678
47250
57648
24326
69694
243307
22536
176617
237335
220834
175544
68902
84282
135805
235555
125440
34993
153208
189255
49454
210305
112910
23892
120563
64402
181700
178942
87958
66657
126266
124938
60191
173516
182586
